2556,12
2556,0
2556,11
2556,10
4294967278,544
4294967279,349
4294967279,209
2601,5
2601,4
2601,3
2601,2
2601,1
4294967279,308
4294967279,368
4294967294,1360
2599,6
2599,5
2599,4
2599,3
2599,2
2599,1
4294967294,89
4294967278,537
4294967278,331
4294967294,449
2596,6
2596,5
2596,4
2596,3
2596,2
2596,1
4294967279,363
2593,5
2593,4
2593,3
2593,2
2593,1
2591,4
2591,3
2591,2
2591,1
4294967279,312
2590,6
4294967279,234
2590,5
2590,4
2590,3
2590,2
2590,1
4294967278,573
4294967279,397
4294967278,224
4294967279,222
4294967279,220
4294967279,218
4294967279,210
4294967278,207
2587,4
2587,3
2587,2
2587,1
4294967294,81
4294967294,50
4294967279,201
4294967278,199
4294967278,198
4294967279,198
2586,6
2586,5
2586,4
4294967279,196
2586,3
2586,2
2586,1
4294967294,974
4294967279,359
4294967279,358
4294967279,357
4294967279,191
2583,4
2583,3
2583,2
2583,1
2582,4
2582,3
2582,2
2582,1
2581,4
2581,3
2581,2
2581,1
2580,4
2580,3
2580,2
2580,1
2579,4
2579,3
2579,2
2579,1
2578,4
2578,3
2578,2
2578,1
2566,7
4294967294,954
4294967294,925
2577,4
2577,3
2577,2
2577,1
2576,4
2576,3
2576,2
2576,1
2575,4
2575,3
2575,2
2575,1
4294967278,154
2574,4
4294967278,153
2574,3
2574,2
2574,1
2573,4
2573,3
2573,2
2573,1
2572,4
2572,3
2572,2
2572,1
2571,4
2571,3
2571,2
2571,1
2570,4
2570,3
2570,2
2570,1
2569,4
2569,3
2569,2
2569,1
2568,4
2568,3
2568,2
2568,1
2567,4
2567,3
2567,2
2567,1
2566,6
2566,5
2566,4
2566,3
2566,2
2566,1
2563,5
2563,4
2563,3
2563,2
2563,1
4294967279,355
2562,5
2562,4
2562,3
2562,2
2562,1
2561,6
2561,5
2561,4
2561,3
2561,2
2561,1
2560,5
2560,4
2560,3
2560,2
2560,1
2559,4
2559,3
2559,2
2559,1
4294967279,354
2558,6
2558,5
2558,4
2558,3
2558,2
2558,1
4294967278,566
4294967279,392
4294967278,358
2556,9
2556,8
2556,7
4294967294,386
4294967294,189
2556,6
2556,5
2556,4
2556,3
2556,2
2556,1
4294967278,534
4294967294,1358
2555,4
2555,3
2555,2
2555,1
4294967278,171
2553,5
2553,4
2553,3
2553,2
2553,1
2552,4
2552,3
2552,2
2552,1
4294967278,324
4294967294,909
4294967279,375
4294967294,37
4294967278,299
4294967278,568
4294967278,572
4294967279,364
2506,12
2506,0
2506,11
2506,10
2551,5
2551,4
2551,3
2551,2
2551,1
2549,6
2549,5
2549,4
2549,2
2549,1
2546,6
2546,5
2546,4
2546,3
2546,2
2546,1
4294967279,303
4294967278,556
4294967294,474
2543,5
2543,4
2543,3
2543,2
2543,1
2541,4
2541,3
2541,2
2541,1
4294967278,137
4294967279,346
2540,6
2540,5
2540,4
2540,3
2540,2
2540,1
4294967278,170
4294967279,162
4294967278,160
2537,4
2537,3
2537,2
2537,1
2536,6
2536,5
2536,4
2536,2
2536,1
4294967279,395
2533,4
2533,3
2533,2
2533,1
2532,4
2532,3
2532,2
2532,1
2531,4
2531,3
2531,2
2531,1
2530,4
2530,3
2530,2
2530,1
2529,4
2529,3
2529,2
2529,1
2528,4
2528,3
2528,2
2528,1
2516,7
4294967279,345
4294967294,416
2527,4
2527,3
2527,2
2527,1
2526,4
2526,3
2526,2
2526,1
2525,4
2525,3
2525,2
2525,1
2524,4
2524,3
2524,2
2524,1
2523,4
2523,3
2523,2
2523,1
2522,4
2522,3
2522,2
2522,1
2521,4
4294967279,244
2521,3
2521,2
2521,1
2520,4
2520,3
2520,2
2520,1
2519,4
2519,3
2519,2
2519,1
2518,4
2518,3
2518,2
2518,1
2517,4
2517,3
2517,2
2517,1
2516,6
2516,5
2516,4
2516,2
2516,1
4294967278,533
4294967278,216
4294967279,344
2513,5
2513,4
2513,3
2513,2
2513,1
4294967279,296
2512,5
2512,4
2512,3
2512,2
2512,1
2511,6
2511,5
2511,4
2511,3
2511,2
2511,1
2510,5
2510,4
2510,3
2510,2
2510,1
2509,4
2509,3
2509,2
2509,1
2508,6
2508,5
2508,4
2508,2
2508,1
4294967278,277
2506,9
2506,8
4294967294,421
4294967294,408
4294967294,414
4294967294,180
2506,7
2506,6
2506,5
2506,4
2506,3
2506,2
2506,1
2505,4
2505,3
2505,2
2505,1
4294967278,298
2503,5
2503,4
2503,3
2503,2
2503,1
2502,4
2502,3
2502,2
2502,1
4294967294,1
4294967279,177
4294967278,354
4294967294,396
4294967294,168
4294967294,962
4294967294,388
2456,12
2456,0
2456,11
2456,10
2501,5
2501,4
2501,3
2501,2
2501,1
4294967278,200
2499,6
2499,5
2499,4
2499,2
2499,1
4294967278,363
4294967278,272
4294967278,527
4294967279,393
4294967279,446
4294967279,367
4294967279,376
2496,6
2496,5
2496,4
2496,3
2496,2
2496,1
4294967279,445
4294967279,338
4294967279,401
4294967279,331
2493,5
2493,4
2493,3
2493,2
2493,1
2491,4
2491,3
2491,2
2491,1
4294967278,290
2490,6
2490,5
2490,4
2490,3
2490,2
2490,1
2487,4
2487,3
2487,2
2487,1
4294967279,336
4294967279,325
4294967278,246
4294967279,246
2486,6
2486,5
2486,4
2486,2
2486,1
4294967278,0
4294967279,226
4294967294,178
4294967294,469
2483,4
2483,3
2483,2
2483,1
2482,4
2482,3
2482,2
2482,1
2481,4
2481,3
2481,2
2481,1
2480,4
2480,3
2480,2
2480,1
2479,4
2479,3
2479,2
2479,1
2478,4
2478,3
2478,2
2478,1
2466,7
4294967279,437
2477,4
2477,3
2477,2
2477,1
2476,4
2476,3
2476,2
2476,1
4294967279,190
4294967278,188
2475,4
2475,3
2475,2
2475,1
4294967278,187
2474,4
2474,3
2474,2
2474,1
2473,4
4294967279,186
2473,3
2473,2
2473,1
2472,4
2472,3
2472,2
2472,1
2471,4
2471,3
2471,2
2471,1
2470,4
2470,3
2470,2
2470,1
2469,4
2469,3
2469,2
2469,1
2468,4
2468,3
2468,2
2468,1
2467,4
2467,3
2467,2
2467,1
2466,6
2466,5
0,7
2466,4
2466,2
2466,1
4294967278,564
4294967278,344
4294967278,562
2463,5
2463,4
2463,3
2463,2
2463,1
2462,5
2462,4
2462,3
2462,2
2462,1
4294967279,323
2461,6
4294967294,186
4294967294,1356
4294967294,911
4294967294,907
2461,5
2461,4
2461,3
2461,2
2461,1
2460,5
4294967294,1355
4294967278,271
2460,4
2460,3
2460,2
2460,1
2459,4
2459,3
2459,2
2459,1
4294967294,111
2458,6
2458,5
2458,4
2458,2
2458,1
2456,9
2456,8
2456,7
2456,6
2456,5
2456,4
2456,3
2456,2
2456,1
4294967278,352
4294967278,283
2455,4
2455,3
2455,2
2455,1
4294967294,510
2453,5
2453,4
2453,3
2453,2
2453,1
2452,4
2452,3
2452,2
2452,1
4294967278,296
4294967294,957
4294967279,320
4294967294,467
4294967294,391
4294967279,142
4294967278,361
4294967278,538
4294967279,317
4294967278,362
4294967279,315
4294967294,966
4294967294,906
4294967294,438
4294967294,170
4294967294,11
4294967294,68
2406,12
2406,0
2406,11
2406,10
4294967294,509
4294967279,385
4294967278,159
2451,5
2451,4
2451,3
2451,2
2451,1
4294967294,392
4294967294,46
4294967279,388
4294967279,386
4294967279,147
2449,6
2449,5
2449,4
2449,2
2449,1
4294967279,313
4294967278,552
4294967279,373
4294967278,288
4294967278,262
4294967278,268
4294967294,921
4294967294,1362
2446,6
2446,5
2446,4
2446,3
2446,2
2446,1
4294967278,549
2443,5
2443,4
2443,3
2443,2
2443,1
2441,4
2441,3
2441,2
2441,1
4294967279,0
2440,6
2440,5
2440,4
2440,3
2440,2
2440,1
4294967294,404
4294967294,418
4294967294,2
4294967279,192
2437,4
4294967294,0
4294967294,40
0,5
2437,3
2437,2
2437,1
4294967294,17
2436,6
4294967294,90
4294967294,87
4294967294,84
4294967294,924
4294967294,29
4294967294,28
4294967294,27
4294967294,53
4294967294,45
4294967294,1359
4294967294,44
4294967294,96
2436,5
2436,4
2436,2
2436,1
4294967294,22
4294967294,67
4294967294,417
4294967294,7
4294967294,94
4294967294,9
4294967294,8
4294967294,956
4294967294,26
4294967294,430
4294967294,43
4294967294,25
4294967294,93
4294967294,95
4294967294,6
4294967293,131
4294967293,130
4294967293,129
4294967293,128
4294967293,127
4294967293,126
4294967293,125
4294967293,124
4294967293,123
4294967293,122
4294967293,121
4294967293,120
4294967293,119
4294967293,118
4294967293,117
4294967293,116
4294967293,115
4294967293,114
4294967293,113
4294967293,112
4294967293,111
4294967293,110
4294967293,109
4294967293,108
4294967293,107
4294967293,106
4294967293,105
4294967293,104
4294967293,103
4294967293,102
4294967293,101
4294967293,100
4294967293,99
4294967293,98
4294967293,97
4294967293,96
4294967293,95
4294967293,94
4294967293,93
4294967293,92
4294967293,91
4294967293,90
4294967293,89
4294967293,87
4294967293,86
4294967293,85
4294967293,84
4294967293,83
4294967293,82
4294967293,81
4294967293,80
4294967293,79
4294967293,78
4294967293,77
4294967293,76
4294967293,75
4294967293,74
4294967293,73
4294967293,72
4294967293,71
4294967293,70
4294967293,69
4294967293,68
4294967293,67
4294967293,66
4294967293,65
4294967293,64
4294967293,63
4294967293,62
4294967293,61
4294967293,60
4294967293,59
4294967293,58
4294967293,57
4294967293,56
4294967293,55
4294967293,54
4294967293,53
4294967293,52
4294967293,51
4294967293,50
4294967293,49
4294967293,48
4294967293,47
4294967293,46
4294967293,45
4294967293,44
4294967293,43
4294967293,42
4294967293,41
4294967293,40
4294967293,39
4294967293,38
4294967293,37
4294967293,36
4294967293,35
4294967293,34
4294967293,33
4294967293,32
4294967293,31
4294967293,30
4294967293,29
4294967293,28
4294967293,27
4294967293,26
4294967293,25
4294967293,24
4294967293,23
4294967293,22
4294967293,21
4294967293,20
4294967293,19
4294967293,18
4294967293,17
4294967293,16
4294967293,15
4294967293,14
4294967293,13
4294967293,12
4294967293,11
4294967293,10
4294967293,9
4294967293,8
4294967293,7
4294967293,6
4294967293,5
4294967293,4
4294967293,3
4294967278,59
4294967278,58
4294967278,55
4294967278,54
4294967278,53
4294967278,52
4294967278,51
4294967278,50
4294967278,49
4294967278,48
4294967278,46
4294967278,44
4294967278,43
4294967278,42
4294967278,316
4294967278,41
4294967278,40
4294967278,39
4294967278,38
4294967278,37
4294967278,36
4294967278,35
4294967278,34
4294967278,33
4294967278,32
4294967278,31
4294967278,30
4294967278,29
4294967278,28
4294967278,27
4294967278,26
4294967278,539
4294967278,23
4294967278,22
4294967278,21
4294967278,20
4294967278,19
4294967278,18
4294967278,17
4294967278,16
4294967278,15
4294967278,14
4294967278,13
4294967278,12
4294967278,11
4294967278,10
4294967278,9
4294967278,8
4294967278,7
4294967278,6
4294967278,5
4294967278,4
4294967279,132
4294967279,131
4294967279,130
4294967279,129
4294967279,128
4294967279,127
4294967279,126
4294967279,125
4294967279,124
4294967279,123
4294967279,122
4294967279,121
4294967279,120
4294967279,119
4294967279,118
4294967279,117
4294967279,116
4294967279,115
4294967279,114
4294967279,113
4294967279,112
4294967279,111
4294967279,110
4294967279,109
4294967279,108
4294967279,107
4294967279,106
4294967279,105
4294967279,104
4294967279,103
4294967279,101
4294967279,100
4294967279,99
4294967279,98
4294967279,97
4294967279,96
4294967279,95
4294967279,94
4294967279,93
4294967279,92
4294967279,91
4294967279,90
4294967279,83
4294967279,80
4294967279,79
4294967279,78
4294967279,74
4294967279,71
4294967279,69
4294967279,66
4294967279,62
4294967279,60
4294967279,55
4294967279,54
4294967279,52
4294967279,51
4294967279,43
4294967279,42
4294967279,41
4294967279,40
4294967279,39
4294967279,38
4294967279,36
4294967279,33
4294967279,32
4294967279,28
4294967279,27
4294967279,26
4294967279,20
4294967279,18
4294967279,17
4294967279,15
4294967279,14
4294967279,12
4294967279,10
4294967278,164
2433,4
2433,3
2433,2
2433,1
2432,4
2432,3
2432,2
2432,1
2431,4
2431,3
2431,2
2431,1
2430,4
2430,3
2430,2
2430,1
2429,4
2429,3
2429,2
2429,1
2428,4
2428,3
2428,2
2428,1
2416,7
2427,4
2427,3
2427,2
2427,1
2426,4
2426,3
2426,2
2426,1
2425,4
4294967278,276
2425,3
2425,2
2425,1
2424,4
2424,3
2424,2
2424,1
2423,4
2423,3
2423,2
2423,1
2422,4
2422,3
2422,2
2422,1
2421,4
2421,3
2421,2
2421,1
2420,4
2420,3
2420,2
2420,1
2419,4
2419,3
2419,2
2419,1
2418,4
2418,3
2418,2
2418,1
2417,4
2417,3
2417,2
2417,1
2416,6
2416,5
2416,4
2416,2
2416,1
4294967279,441
2413,5
2413,4
2413,3
2413,2
2413,1
2412,5
2412,4
4294967279,371
2412,3
2412,2
2412,1
2411,6
2411,5
2411,4
2411,3
2411,2
2411,1
4294967279,216
4294967279,102
2410,5
4294967279,212
2410,4
2410,3
2410,2
2410,1
2409,4
2409,3
2409,2
2409,1
2408,6
2408,5
2408,4
2408,2
2408,1
4294967278,284
4294967279,351
4294967279,188
4294967278,186
4294967278,274
4294967279,309
2406,9
2406,8
2406,7
4294967279,179
4294967279,285
4294967278,219
4294967279,178
2406,6
4294967278,175
2406,5
2406,4
2406,3
2406,2
2406,1
4294967278,279
4294967279,138
2405,4
2405,3
2405,2
2405,1
4294967279,307
2403,5
4294967278,152
2403,4
2403,3
2403,2
2403,1
4294967294,454
4294967294,466
2402,4
2402,3
2402,2
2402,1
4294967279,306
4294967278,57
4294967278,47
